SINGLETON: 0
EDGES: 806174.0
FEATURES: 50
DENSITY: 0.0004972450502192249
LABELS_DIST: 
[ 0.65253582  0.24111408  0.20723869  0.24411703  0.12944296  0.19385712
  0.24759413  0.35480472  0.15460804  0.34669149  0.21754706  0.23774234
  0.70799382  0.18818488  0.18521706  0.36959118  0.10371593  0.1404889
  0.26905381  0.42566381  0.19132832  0.62814344  0.23066521  0.32488058
  0.16279151  0.6328147   0.66825302  0.33464456  0.69712349  0.1774726
  0.68154678  0.14412405  0.88820596  0.16287932  0.21633535  0.32728646
  0.19705325  0.20992554  0.41200126  0.21501826  0.14461576  0.20727381
  0.20567575  0.20251475  0.13393861  0.28041585  0.38778449  0.39542357
  0.24160579  0.23199986  0.35524375  0.29471059  0.43430388  0.41646179
  0.25173855  0.26078252  0.16423153  0.16691838  0.169254    0.23033155
  0.45398988  0.15625878  0.19187272  0.21501826  0.20300646  0.12427999
  0.49648778  0.32970989  0.47504566  0.28327831  0.24160579  0.16279151
  0.16393299  0.29205886  0.19134588  0.19185516  0.32414302  0.1334469
  0.26810551  0.23222815  0.21970708  0.50500492  0.27871242  0.19366395
  0.16175541  0.578305    0.09217828  0.28473588  0.27843144  0.19977522
  0.1743116   0.25988691  0.32161422  0.17803456  0.1988796   0.3045975
  0.17473307  0.40817294  0.43779854  0.26566451  0.50669078  0.25707713
  0.16607544  0.30054088  0.18744732  0.29602768  0.29418376  0.19157418
  0.46947879  0.36400674  0.31750492  0.18488339  0.27692119  0.28953006
  0.20088157  0.41976328  0.88493959  0.7616079   0.81397513  0.55600239
  0.24650534]
MULTI-LABEL: True
SYMMETRIC: True
MAX_DEGREE: 721
NODES: 56944
MEAN_DEGREE: 28.3146248946
DEGREES: 1612348
MIN_DEGREE: 1
